1
11
14
19
58
59
113
159
176
349
365
366
387
388
399
451
487
534
538
584
608
616
627
636
657
662
665
666
667
683
685
703
713
715
722
729
737
740
743
745
756
760
870
872
877
925
927
933
940
964
1041
1044
1051
1052
1066
1163
1175
1180
1181
1196
1204
1289
1295
1444
1525
1556
1562
1618
1623
1624
1634
1654
1655
1663
1689
1700
1722
1723
1725
1726
1884
1913
1980
1990
2003
2009
2014
2027
2035
2066
2067
2078
2190
2230
2271
2344
2371
2396
2405
2414
2428
2436
2449
2504
2505
2513
2534
2544
2560
2562
2566
2589
2592
2614
2684
2799
2805
2808
2835
2847
2854
2859
2868
2892
2894
2898
2899
2917
2933
2950
2978
2998
3078
3098
3108
3140
3155
3221
3237
3268
3300
3303
3320
3328
3336
3352
3381
3386
3389
3391
3392
3397
3411
3530
3534
3538
3556
3567
3577
3602
3616
3635
3661
3994
3999
4041
4045
4090
4091
4104
4142
4153
4281
4368
4397
4649
4743
4778
4800
5032
5040
5248
5336
5355
5547
5572
5592
5598
5649
5725
5739
5749
5814
5855
5916
6054
6141
6181
6205
6245
6268
6269
6294
6299
6349
6355
6385
6390
6392
6407
6436
6553
6611
6654
6657
6682
6683
6720
6775
6794
6813
6899
6916
7034
7195
7309
7393
7409
7415
7422
7426
7441
7443
7473
7501
7558
7582
7629
7634
7650
7654
7676
7680
7697
7724
7728
7729
7760
7778
7834
8078
8081
8085
8333
8338
8359
8541
8719
8722
8735
8761
8847
8919
8990
9003
9344
9396
57
9464
513
