57
513
755
1176
1293
1653
1694
1899
1948
2055
2348
2413
2496
2829
2926
3047
3124
3240
3678
3789
3823
3950
3961
4046
4129
4302
4339
4360
4418
4432
4483
4501
4610
4619
4799
5042
5150
5198
5339
5428
5495
5544
5608
5729
5750
5753
5928
5991
6031
6058
6067
6068
6179
6214
6228
6270
6283
6326
6395
6396
6397
6400
6619
6637
6638
6643
6653
6658
6670
6684
6686
6706
6764
6822
6866
6921
6930
6949
6998
7006
7067
7096
7128
7133
7357
7397
7475
7478
7523
7524
7555
7627
7636
7715
7909
7918
7921
7982
8005
8028
8057
8064
